 0.76358 79.27811 1
 0.53422 65.90353 0
 0.77902 77.77676 1
 0.51601 64.17179 0
 0.7326 80.95 1
 0.50758 64.38257 0
 0.69934 74.26591 1
 0.53327 72.89725 0
 0.71338 74.88603 1
 0.5464 65.06557 0
 0.56913 66.68126 0
 0.54306 65.80368 0
 0.50368 65.22401 0
 0.64311 75.74444 1
 0.51607 65.85383 0
 0.45113 65.469 0
 0.53206 66.668 0
 0.61483 74.85092 1
 0.57546 72.38917 0
 0.76477 80.02882 1
 0.70782 76.30434 1
 0.56895 66.51986 0
 0.70657 66.12886 1
 0.87284 81.99413 1
 0.49087 66.1414 0
 0.51529 65.98851 0
 0.51264 65.15091 0
 0.74785 76.84796 1
 0.55458 80.83823 1
 0.70447 77.8668 1
 0.5337 67.10749 0
 0.54814 65.84768 0
 0.50621 64.65683 0
 0.78475 77.89956 1
 0.51808 66.79691 0
 0.51688 64.29474 0
 0.68503 76.00495 1
 0.56429 66.46216 0
 0.52539 65.54051 0
 0.5932 73.44997 1
 0.67179 75.10907 1
 0.5678 66.31045 0
 0.50077 65.71754 0
 0.57681 66.90152 0
 0.67557 75.19297 1
 0.74416 78.41908 1
 0.55566 65.04361 0
 0.59513 73.96378 0
 0.56401 66.06754 0
 0.51214 65.4312 0
 0.5537 61.92398 0
 0.67357 76.151 1
 0.74056 75.2207 1
 0.5389 65.30508 0
 0.46469 66.21449 0
 0.71964 75.6615 1
 0.77992 79.5135 1
 0.76 74.85569 1
 0.55696 66.65799 0
 0.63438 74.86079 1
 0.69412 77.17287 1
 0.5682 66.83968 0
 0.53263 72.67192 0
 0.78799 78.36172 1
 0.78997 77.22222 1
 0.73321 76.8928 1
 0.5418 71.99128 0
 0.56773 68.183 1
 0.62219 75.66905 1
 0.68746 75.72779 1
 0.73303 75.40807 1
 0.50074 72.22896 0
 0.60435 72.16235 1
 0.63506 74.40294 1
 0.84748 79.05873 1
 0.71161 75.21941 1
 0.55666 65.15855 0
 0.52894 71.7595 0
 0.65187 76.87746 1
 0.49067 64.73605 0
 0.51446 66.84658 0
 0.49487 65.35934 0
 0.80211 77.9336 1
 0.522 66.27003 0
 0.73058 76.96993 1
 0.53694 72.92715 0
 0.54122 71.71204 1
 0.69637 75.69103 1
 0.54062 66.30528 0
 0.71051 66.76179 1
 0.71084 74.26279 1
 0.53793 66.38927 0
 0.49083 66.38401 0
 0.6589 74.77279 1
 0.85698 82.71406 1
 0.49373 66.57664 0
 0.53871 65.19724 0
 0.54447 65.6618 0
 0.72009 78.47785 1
 0.59145 65.53677 0
 0.75756 77.66524 1
 0.69376 74.61598 1
 0.51676 65.17828 0
 0.52775 70.21007 0
 0.69941 76.46479 1
 0.6601 74.52502 1
 0.54245 65.73414 0
 0.57808 66.58492 0
 0.54714 66.04006 0
 0.58103 64.51891 0
 0.51576 66.77351 0
 0.68691 77.42677 1
 0.78352 78.09467 1
 0.66721 75.29505 1
 0.54283 71.86237 0
 0.7106 76.78698 1
 0.80617 77.77068 1
 0.71004 75.92145 1
 0.5714 67.71629 0
 0.57807 74.89105 1
 0.53469 71.63639 0
 0.64562 73.79608 1
 0.77903 76.92451 1
 0.46932 65.04358 0
 0.76542 77.96681 1
 0.56587 71.76347 0
 0.71791 77.06757 1
 0.5396 66.83365 0
 0.67157 74.75598 1
 0.6191 66.40736 1
 0.50749 65.31982 0
 0.57384 65.02341 0
 0.5116 65.28767 0
 0.53782 65.60626 0
 0.52554 66.23686 0
 0.48581 65.54721 0
 0.55576 76.73125 1
 0.4957 65.67062 0
 0.81249 79.77372 1
 0.47251 66.22411 0
 0.6151 74.41921 1
 0.53609 78.12083 1
 0.52399 66.54797 0
 0.66725 73.23209 1
 0.55269 65.2651 0
 0.50732 67.8938 0
 0.87958 79.13732 1
 0.53945 65.05695 0
 0.77399 78.01753 1
 0.51651 65.80789 0
 0.59193 73.48913 1
 0.85609 80.7972 1
 0.77396 79.37311 1
 0.78175 77.30574 1
 0.66608 75.51388 1
 0.5759 73.71488 1
 0.61447 78.38183 1
 0.714 76.75125 1
 0.49448 66.45408 0
 0.74873 74.03343 1
 0.45892 63.30717 0
 0.48344 64.60833 0
 0.46201 64.80354 0
 0.57605 72.8081 0
 0.71305 76.98452 1
 0.826 77.63659 1
 0.59126 66.60278 0
 0.61358 71.90796 1
 0.53046 64.59258 0
 0.76038 80.53622 1
 0.64152 76.14951 1
 0.556 72.1125 0
 0.69252 74.52338 1
 0.6195 76.09045 1
 0.77425 81.40321 1
 0.72627 76.33396 1
 0.5126 65.89037 0
 0.5297 67.22472 0
 0.54702 67.02477 0
 0.5168 66.57762 0
 0.7257 78.06703 1
 0.53432 66.57086 0
 0.79901 78.6639 1
 0.50917 61.42729 0
 0.73851 76.79758 1
 0.65327 76.11351 1
 0.74526 78.74562 1
 0.62682 75.52766 1
 0.56482 67.00222 0
 0.76681 77.85062 1
 0.49562 66.33769 0
 0.51465 72.08498 0
 0.54058 66.36844 0
 0.48724 65.00492 0
 0.59964 73.16497 0
 0.78904 77.94781 1
 0.66936 74.8531 1
 0.52501 65.48699 0
 0.54058 65.0693 0
 0.64902 75.88142 1
